1,1,208.0,251.0,95.0,40.0,1,1,1.0
1,2,121.0,335.0,136.10000000000002,58.89999999999998,1,1,1.0
1,3,733.0,265.6,72.0,42.39999999999998,1,1,1.0
2,1,207.99,251.03,95.0,39.99999999999997,1,1,1.0
2,2,96.8,338.4,138.68,60.120000000000005,1,1,1.0
2,3,719.4,267.43,73.60000000000002,42.370000000000005,1,1,1.0
3,1,207.99,251.05,95.0,40.01999999999998,1,1,1.0
3,2,72.6,341.8,141.26000000000002,61.339999999999975,1,1,1.0
3,3,705.8,269.27,75.20000000000005,42.33000000000004,1,1,1.0
4,1,207.98,251.08,95.00000000000003,40.02000000000001,1,1,1.0
4,2,48.4,345.2,143.84,62.56,1,1,1.0
4,3,692.2,271.1,76.79999999999995,42.299999999999955,1,1,1.0
5,1,207.98,251.11,95.00000000000003,40.01999999999998,1,1,1.0
5,2,24.2,348.6,146.42000000000002,63.77999999999997,1,1,1.0
5,3,678.6,273.9,78.0,41.30000000000001,1,1,1.0
6,1,207.97,251.13,95.00000000000003,40.04000000000002,1,1,1.0
6,2,0.0,352.0,149.0,65.0,1,1,1.0
6,3,665.0,276.4,77.89999999999998,40.60000000000002,1,1,1.0
7,1,207.97,251.16,95.00000000000003,40.03999999999999,1,1,1.0
7,2,0.0,355.5,124.75,67.60000000000002,1,1,1.0
7,3,649.2,277.65,80.12,41.950000000000045,1,1,1.0
8,1,207.96,251.19,94.99999999999997,40.04000000000002,1,1,1.0
8,2,0.0,359.0,100.5,67.10000000000002,1,1,1.0
8,3,633.4,278.9,82.34000000000003,43.30000000000001,1,1,1.0
9,1,207.96,251.21,94.99999999999997,40.059999999999974,1,1,1.0
9,2,0.0,362.5,76.25,64.60000000000002,1,1,1.0
9,3,617.6,281.27,84.55999999999995,43.53000000000003,1,1,1.0
10,1,207.95,251.24,95.0,40.06,1,1,1.0
10,2,0.0,366.0,52.0,59.10000000000002,1,1,1.0
10,3,601.8,283.63,86.78000000000009,43.76999999999998,1,1,1.0
11,1,207.95,251.26,95.0,40.06999999999999,1,1,1.0
11,2,0.0,364.0,30.0,67.19999999999999,1,1,1.0
11,3,586.0,286.0,89.0,44.0,1,1,1.0
12,1,207.94,251.29,95.0,40.08000000000001,1,1,1.0
12,3,573.1,288.2,87.19999999999993,44.80000000000001,1,1,1.0
13,1,207.94,251.32,95.0,40.079999999999984,1,1,1.0
13,3,556.53,287.6,89.07000000000005,48.39999999999998,1,1,1.0
14,1,207.93,251.34,95.0,40.09,1,1,1.0
14,3,541.37,290.15,89.52999999999997,48.85000000000002,1,1,1.0
15,1,207.93,251.37,95.0,40.10000000000002,1,1,1.0
15,3,526.2,292.7,90.0,49.30000000000001,1,1,1.0
16,1,207.92,251.4,95.00000000000003,40.099999999999994,1,1,1.0
16,3,509.17,295.25,92.32999999999998,49.75,1,1,1.0
17,1,207.92,251.42,95.00000000000003,40.109999999999985,1,1,1.0
17,3,492.13,297.8,94.66999999999996,50.19999999999999,1,1,1.0
18,1,207.91,251.45,95.00000000000003,40.120000000000005,1,1,1.0
18,3,475.1,300.35,97.0,50.64999999999998,1,1,1.0
19,1,207.9,251.48,94.99999999999997,40.12000000000003,1,1,1.0
19,3,458.07,302.9,99.32999999999998,51.10000000000002,1,1,1.0
20,1,207.9,251.5,94.99999999999997,40.129999999999995,1,1,1.0
20,3,441.03,305.45,101.67000000000007,51.55000000000001,1,1,1.0
21,1,207.89,251.53,95.0,40.140000000000015,1,1,1.0
21,3,424.0,308.0,104.0,52.0,1,1,1.0
22,1,207.89,251.56,95.0,40.139999999999986,1,1,1.0
22,3,404.95,310.7,104.75,53.80000000000001,1,1,1.0
23,1,207.88,251.58,95.0,40.150000000000006,1,1,1.0
23,3,385.9,313.4,105.5,55.60000000000002,1,1,1.0
24,1,207.88,251.61,95.0,40.15999999999997,1,1,1.0
24,3,367.25,316.1,108.25,57.39999999999998,1,1,1.0
25,1,207.87,251.64,95.0,40.160000000000025,1,1,1.0
25,3,348.6,318.8,111.0,59.19999999999999,1,1,1.0
26,1,207.87,251.66,95.0,40.16999999999999,1,1,1.0
26,3,327.67,321.5,113.25999999999999,61.0,1,1,1.0
27,1,207.86,251.69,95.0,40.18000000000001,1,1,1.0
27,3,306.73,324.2,115.53999999999996,62.80000000000001,1,1,1.0
28,1,207.86,251.71,95.0,40.18999999999997,1,1,1.0
28,3,285.8,326.9,117.80000000000001,64.60000000000002,1,1,1.0
29,1,207.85,251.74,95.00000000000003,40.19,1,1,1.0
29,3,264.87,329.6,120.06,66.39999999999998,1,1,1.0
30,1,207.85,251.77,95.00000000000003,40.20000000000002,1,1,1.0
30,3,243.93,332.3,122.33999999999997,68.19999999999999,1,1,1.0
31,1,207.84,251.79,94.99999999999997,40.21000000000001,1,1,1.0
31,3,223.0,335.0,124.60000000000002,70.0,1,1,1.0
32,1,207.84,251.82,94.99999999999997,40.20999999999998,1,1,1.0
32,3,200.7,339.6,127.5,70.69999999999999,1,1,1.0
33,1,207.83,251.85,94.99999999999997,40.22,1,1,1.0
33,3,174.45,344.2,131.39,71.40000000000003,1,1,1.0
34,1,207.83,251.87,94.99999999999997,40.23000000000002,1,1,1.0
34,3,148.2,348.8,135.29000000000002,72.09999999999997,1,1,1.0
35,1,207.82,251.9,95.0,40.22999999999999,1,1,1.0
35,3,127.03,353.4,137.67,72.80000000000001,1,1,1.0
36,1,207.82,251.93,95.0,40.24000000000001,1,1,1.0
36,3,99.0,358.0,142.75,73.5,1,1,1.0
37,1,207.81,251.95,95.0,40.25,1,1,1.0
37,3,74.1,362.6,148.70000000000002,74.19999999999999,1,1,1.0
38,1,207.8,251.98,95.0,40.25000000000003,1,1,1.0
38,3,45.8,367.2,153.05,74.90000000000003,1,1,1.0
39,1,207.8,252.01,95.0,40.25999999999999,1,1,1.0
39,3,19.6,371.8,155.3,75.59999999999997,1,1,1.0
40,1,207.79,252.03,95.00000000000003,40.27000000000001,1,1,1.0
40,3,0.0,376.4,150.95,76.30000000000001,1,1,1.0
41,1,207.79,252.06,95.00000000000003,40.26999999999998,1,1,1.0
41,3,0.0,381.0,127.0,77.0,1,1,1.0
42,1,207.78,252.08,94.99999999999997,40.28999999999999,1,1,1.0
42,3,0.0,384.4,101.67,82.40000000000003,1,1,1.0
43,1,207.78,252.11,94.99999999999997,40.289999999999964,1,1,1.0
43,3,0.0,394.7,76.33,71.35000000000002,1,1,1.0
44,1,207.77,252.14,94.99999999999997,40.29000000000002,1,1,1.0
44,3,0.0,405.0,51.0,60.30000000000001,1,1,1.0
45,1,207.77,252.16,94.99999999999997,40.31000000000003,1,1,1.0
45,3,0.0,405.0,25.4,63.10000000000002,1,1,1.0
46,1,207.76,252.19,95.0,40.31,1,1,1.0
47,1,207.76,252.22,95.0,40.309999999999974,1,1,1.0
48,1,207.75,252.24,95.0,40.329999999999984,1,1,1.0
49,1,207.75,252.27,95.0,40.33000000000001,1,1,1.0
50,1,207.74,252.3,95.0,40.329999999999984,1,1,1.0
51,1,207.74,252.32,95.0,40.35000000000002,1,1,1.0
51,4,953.0,232.0,7.0,49.0,1,1,1.0
52,1,207.73,252.35,95.00000000000003,40.349999999999994,1,1,1.0
52,4,949.4,230.6,10.600000000000023,51.599999999999994,1,1,1.0
53,1,207.78,252.59,94.99999999999997,40.29999999999998,1,1,1.0
53,4,945.8,229.2,14.200000000000045,54.19999999999999,1,1,1.0
54,1,207.83,252.83,94.99999999999997,40.24999999999997,1,1,1.0
54,4,942.2,227.8,17.799999999999955,56.80000000000001,1,1,1.0
55,1,207.88,253.07,95.0,40.19,1,1,1.0
55,4,938.6,226.4,21.399999999999977,59.400000000000006,1,1,1.0
56,1,207.92,253.31,95.00000000000003,40.139999999999986,1,1,1.0
56,4,935.0,225.0,25.0,62.0,1,1,1.0
57,1,207.97,253.56,95.00000000000003,40.079999999999984,1,1,1.0
57,4,929.5,224.94,30.5,63.660000000000025,1,1,1.0
58,1,208.04,253.92,95.00000000000003,40.03,1,1,1.0
58,4,924.0,224.89,36.0,65.31,1,1,1.0
59,1,208.12,254.29,95.0,39.97999999999999,1,1,1.0
59,4,918.5,224.83,41.5,66.97,1,1,1.0
60,1,208.19,254.66,95.0,39.91999999999999,1,1,1.0
60,4,913.0,224.77,47.0,68.62999999999997,1,1,1.0
61,1,208.26,255.02,95.0,39.869999999999976,1,1,1.0
61,4,907.5,224.71,52.5,70.28999999999999,1,1,1.0
62,1,208.34,255.39,94.99999999999997,39.81999999999999,1,1,1.0
62,4,902.0,224.66,58.0,71.94000000000003,1,1,1.0
63,1,208.33,255.51,94.99999999999997,39.76999999999998,1,1,1.0
63,4,896.5,224.6,63.5,73.6,1,1,1.0
64,1,208.32,255.64,95.0,39.710000000000036,1,1,1.0
64,4,891.0,225.0,69.0,74.80000000000001,1,1,1.0
65,1,208.31,255.76,95.0,39.660000000000025,1,1,1.0
65,4,885.5,224.8,74.5,76.59999999999997,1,1,1.0
66,1,208.3,255.89,95.0,39.60000000000002,1,1,1.0
66,4,880.0,225.4,80.0,77.6,1,1,1.0
67,1,208.29,256.01,95.00000000000003,39.55000000000001,1,1,1.0
67,4,873.3,225.98,86.70000000000005,78.82000000000002,1,1,1.0
68,1,208.28,256.13,94.99999999999997,39.5,1,1,1.0
68,4,866.6,226.57,93.39999999999998,80.03000000000003,1,1,1.0
69,1,208.26,256.26,95.0,39.44,1,1,1.0
69,4,859.9,227.15,100.10000000000002,81.24999999999997,1,1,1.0
70,1,208.25,256.38,95.0,39.389999999999986,1,1,1.0
70,4,853.2,227.73,106.79999999999995,82.47,1,1,1.0
71,1,208.24,256.51,95.0,39.329999999999984,1,1,1.0
71,4,846.5,228.32,113.5,83.68,1,1,1.0
72,1,208.41,256.9,95.00000000000003,39.29000000000002,1,1,1.0
72,4,839.8,228.9,120.20000000000005,84.9,1,1,1.0
73,1,208.58,257.3,94.99999999999997,39.22999999999996,1,1,1.0
73,4,833.1,229.55,126.89999999999998,86.05000000000001,1,1,1.0
74,1,208.75,257.7,95.0,39.18000000000001,1,1,1.0
74,4,826.4,230.2,133.60000000000002,87.19999999999999,1,1,1.0
75,1,208.73,257.61,95.00000000000003,39.19999999999999,1,1,1.0
75,4,819.7,231.2,140.29999999999995,88.0,1,1,1.0
76,1,208.72,257.51,95.00000000000003,39.23000000000002,1,1,1.0
76,4,813.0,232.4,147.0,88.6,1,1,1.0
77,1,208.7,257.42,95.0,39.25,1,1,1.0
77,4,805.1,232.16,154.89999999999998,90.44000000000003,1,1,1.0
78,1,208.69,257.33,95.0,39.28000000000003,1,1,1.0
78,4,797.2,234.7,160.89999999999998,89.5,1,1,1.0
79,1,208.67,257.23,95.00000000000003,39.31,1,1,1.0
79,4,787.9,234.11,165.81000000000006,91.69,1,1,1.0
79,5,769.0,256.0,46.0,29.0,1,1,0.0
80,1,208.66,257.14,95.00000000000003,39.33000000000004,1,1,1.0
80,4,778.6,233.53,170.73000000000002,93.86999999999998,1,1,1.0
80,5,759.67,256.67,49.0,29.659999999999968,1,1,0.0
81,1,208.64,257.05,95.0,39.349999999999966,1,1,1.0
81,4,771.17,236.6,170.93000000000006,92.4,1,1,1.0
81,5,750.33,257.33,52.0,30.340000000000032,1,1,0.0
82,1,208.63,256.95,95.0,39.379999999999995,1,1,1.0
82,4,762.0,235.28,176.27999999999997,97.03999999999999,1,1,1.0
82,5,741.0,258.0,55.0,31.0,1,1,0.0
83,1,208.61,256.86,95.0,39.40999999999997,1,1,1.0
83,4,752.83,233.96,181.63,101.68999999999997,1,1,1.0
83,5,730.5,259.69,59.0,31.25,1,1,0.0
84,1,208.6,256.77,95.00000000000003,39.43000000000001,1,1,1.0
84,4,743.67,232.64,186.97000000000003,106.33000000000004,1,1,1.0
84,5,720.0,261.38,63.0,31.5,1,1,0.0
85,1,208.58,256.68,94.99999999999997,39.44999999999999,1,1,1.0
85,4,734.5,231.32,192.32000000000005,110.98000000000002,1,1,1.0
85,5,709.5,263.08,67.0,31.75,1,1,0.0
86,1,208.57,256.58,95.0,39.48000000000002,1,1,1.0
86,4,724.5,237.75,195.05999999999995,103.55000000000001,1,1,1.0
86,5,699.0,264.77,71.0,32.0,1,1,0.0
87,1,208.55,256.49,95.0,39.5,1,1,1.0
87,4,714.57,238.07,198.82999999999993,105.75999999999999,1,1,1.0
87,5,687.1,264.65,70.89999999999998,32.200000000000045,1,1,0.0
88,1,208.54,256.4,95.00000000000003,39.53000000000003,1,1,1.0
88,4,704.63,238.4,202.62,107.97,1,1,1.0
88,5,675.2,264.52,70.79999999999995,32.400000000000034,1,1,0.0
89,1,208.52,256.3,94.99999999999997,39.56,1,1,1.0
89,4,694.7,238.72,206.39,110.17999999999998,1,1,1.0
89,5,663.3,264.4,70.70000000000005,32.60000000000002,1,1,0.0
90,1,208.51,256.21,95.0,39.58000000000004,1,1,1.0
90,4,684.77,239.05,210.17000000000007,112.38,1,1,1.0
90,5,651.4,264.28,70.60000000000002,32.80000000000001,1,1,0.0
91,1,208.49,256.12,95.0,39.60000000000002,1,1,1.0
91,4,674.83,239.37,213.94999999999993,114.60000000000002,1,1,1.0
91,5,639.5,264.15,70.5,33.0,1,1,0.0
92,1,208.48,256.02,95.00000000000003,39.64000000000004,1,1,1.0
92,4,664.9,239.7,217.72000000000003,116.80000000000001,1,1,1.0
92,5,627.6,264.03,70.39999999999998,33.200000000000045,1,1,0.0
93,1,208.46,255.93,94.99999999999997,39.65999999999997,1,1,1.0
93,4,652.9,240.02,223.57000000000005,116.85,1,1,1.0
93,5,615.7,263.91,70.29999999999995,33.39999999999998,1,1,0.0
94,1,208.45,255.84,95.0,39.67999999999998,1,1,1.0
94,4,641.2,240.35,226.5,116.9,1,1,1.0
94,5,602.88,266.18,70.20000000000005,33.599999999999966,1,1,0.0
95,1,208.43,255.74,95.0,39.70999999999998,1,1,1.0
95,4,632.5,240.67,230.35000000000002,126.43000000000004,1,1,1.0
95,5,590.07,268.46,70.09999999999991,33.80000000000001,1,1,0.0
96,1,208.42,255.65,95.00000000000003,39.72999999999999,1,1,1.0
96,4,616.0,247.9,232.5,122.1,1,1,1.0
96,5,580.0,265.24,70.0,34.0,1,1,0.0
97,1,208.4,255.56,94.99999999999997,39.75999999999999,1,1,1.0
97,4,604.88,248.81,234.47000000000003,123.08999999999997,1,1,1.0
97,5,566.3,265.31,78.70000000000005,34.30000000000001,1,1,0.0
98,1,208.39,255.47,95.0,39.78,1,1,1.0
98,4,593.75,249.72,236.45000000000005,124.08000000000001,1,1,1.0
98,5,552.6,265.39,87.39999999999998,34.60000000000002,1,1,0.0
98,6,761.19,248.75,70.0,36.0,1,1,0.0
99,1,208.37,255.37,95.0,39.81,1,1,1.0
99,4,582.62,250.63,238.42999999999995,125.07,1,1,1.0
99,5,539.03,266.12,88.10000000000002,34.89999999999998,1,1,0.0
99,6,745.01,248.5,78.34000000000003,38.0,1,1,0.0
100,1,208.36,255.28,95.0,39.83000000000001,1,1,1.0
100,4,571.5,251.54,240.39999999999998,126.06000000000003,1,1,1.0
100,5,525.46,266.85,88.79999999999995,35.19999999999999,1,1,0.0
100,6,725.64,248.25,86.65999999999997,40.0,1,1,0.0
101,1,208.34,255.19,94.99999999999997,39.85000000000002,1,1,1.0
101,4,554.1,252.45,248.64999999999998,132.25,1,1,1.0
101,5,511.89,267.58,89.5,35.5,1,1,0.0
101,6,709.92,250.75,95.0,42.0,1,1,0.0
102,1,208.33,255.09,94.99999999999997,39.890000000000015,1,1,1.0
102,4,551.6,253.36,242.0,132.2,1,1,1.0
102,5,498.32,268.31,90.19999999999999,35.80000000000001,1,1,0.0
102,6,697.94,251.0,96.19999999999993,42.39999999999998,1,1,0.0
103,1,208.31,255.0,95.0,39.910000000000025,1,1,1.0
103,4,536.0,254.27,248.45000000000005,132.15,1,1,1.0
103,5,484.75,269.04,90.89999999999998,36.099999999999966,1,1,0.0
103,6,685.95,251.25,97.39999999999998,42.80000000000001,1,1,0.0
104,1,208.3,255.01,95.0,39.889999999999986,1,1,1.0
104,4,520.3,255.18,255.0,138.51999999999998,1,1,1.0
104,5,471.18,269.77,91.59999999999997,36.400000000000034,1,1,0.0
104,6,673.97,251.5,98.60000000000002,43.19999999999999,1,1,0.0
104,7,950.0,222.0,10.0,45.0,1,1,1.0
105,1,208.28,255.02,94.99999999999997,39.87999999999997,1,1,1.0
105,4,503.8,256.09,262.34999999999997,141.71000000000004,1,1,1.0
105,5,457.62,270.5,92.29999999999995,36.69999999999999,1,1,0.0
105,6,661.98,251.75,99.79999999999995,43.60000000000002,1,1,0.0
105,7,947.0,218.0,13.0,48.69999999999999,1,1,1.0
106,1,208.27,255.03,94.99999999999997,39.859999999999985,1,1,1.0
106,4,490.0,257.0,267.0,146.60000000000002,1,1,1.0
106,5,445.75,272.41,93.0,37.0,1,1,0.0
106,6,650.0,252.0,101.0,44.0,1,1,0.0
106,7,944.0,214.0,16.0,52.39999999999998,1,1,1.0
107,1,208.25,255.05,95.0,39.839999999999975,1,1,1.0
107,4,473.1,259.4,273.69999999999993,147.74,1,1,1.0
107,5,431.68,273.48,94.59999999999997,37.099999999999966,1,1,0.0
107,6,639.18,252.71,100.90000000000009,43.45000000000002,1,1,0.0
107,7,939.74,214.19,20.25999999999999,52.910000000000025,1,1,1.0
108,1,208.24,255.06,95.0,39.81999999999999,1,1,1.0
108,4,456.2,261.8,280.40000000000003,148.88,1,1,1.0
108,5,417.62,274.56,96.20000000000005,37.19999999999999,1,1,0.0
108,6,628.37,253.43,100.79999999999995,42.879999999999995,1,1,0.0
108,7,935.48,214.38,24.519999999999982,54.620000000000005,1,1,1.0
109,1,208.22,255.07,95.00000000000003,39.81,1,1,1.0
109,4,439.3,264.2,287.09999999999997,150.02000000000004,1,1,1.0
109,5,403.55,275.63,97.80000000000001,37.30000000000001,1,1,0.0
109,6,617.55,254.14,100.70000000000005,42.33000000000004,1,1,0.0
109,7,931.22,214.57,28.779999999999973,55.06,1,1,1.0
110,1,208.21,255.08,94.99999999999997,39.78999999999999,1,1,1.0
110,4,422.4,266.6,293.80000000000007,151.15999999999997,1,1,1.0
110,5,389.49,276.71,99.39999999999998,37.400000000000034,1,1,0.0
110,6,606.73,254.85,100.60000000000002,41.78,1,1,0.0
110,7,926.96,214.76,33.039999999999964,55.49000000000001,1,1,1.0
111,1,208.19,255.09,95.0,39.78,1,1,1.0
111,4,405.5,269.0,300.5,152.3,1,1,1.0
111,5,375.42,277.78,101.0,37.5,1,1,0.0
111,6,595.92,255.56,100.5,41.21999999999997,1,1,0.0
111,7,922.7,214.95,37.299999999999955,55.93000000000001,1,1,1.0
112,1,208.18,255.1,95.0,39.76000000000002,1,1,1.0
112,4,388.6,271.4,307.19999999999993,153.44,1,1,1.0
112,5,361.36,278.85,102.59999999999997,37.599999999999966,1,1,0.0
112,6,585.1,256.28,100.39999999999998,40.660000000000025,1,1,0.0
112,7,918.44,215.14,41.559999999999945,56.360000000000014,1,1,1.0
113,1,208.16,255.11,95.00000000000003,39.75,1,1,1.0
113,4,371.7,273.8,313.90000000000003,154.57999999999998,1,1,1.0
113,5,346.0,279.01,104.19999999999999,37.69999999999999,1,1,0.0
113,6,574.29,256.99,100.30000000000007,40.110000000000014,1,1,0.0
113,7,914.18,215.33,45.82000000000005,56.79999999999998,1,1,1.0
114,1,208.15,255.13,94.99999999999997,39.72000000000003,1,1,1.0
114,4,354.8,276.2,320.59999999999997,155.72000000000003,1,1,1.0
114,5,330.64,279.17,105.80000000000001,37.80000000000001,1,1,0.0
114,6,563.47,257.7,100.19999999999993,39.55000000000001,1,1,0.0
114,7,909.92,215.52,50.08000000000004,57.22999999999999,1,1,1.0
115,1,208.13,255.14,95.0,39.710000000000036,1,1,1.0
115,4,337.9,278.6,327.30000000000007,156.85999999999996,1,1,1.0
115,5,315.28,279.33,107.40000000000003,37.900000000000034,1,1,0.0
115,6,552.54,259.22,100.10000000000002,41.27999999999997,1,1,0.0
115,7,905.66,215.71,54.34000000000003,57.66999999999999,1,1,1.0
116,1,208.12,255.15,95.0,39.68999999999997,1,1,1.0
116,4,321.0,281.0,334.0,158.0,1,1,1.0
116,5,299.92,279.49,109.0,38.0,1,1,1.0
116,6,541.61,260.75,100.0,43.0,1,1,1.0
116,7,901.4,215.9,58.60000000000002,58.099999999999994,1,1,1.0
117,1,208.1,255.16,95.00000000000003,39.67999999999998,1,1,1.0
117,4,298.3,284.6,344.3,170.79999999999995,1,1,1.0
117,5,283.42,280.24,110.39999999999998,38.39999999999998,1,1,1.0
117,6,525.62,261.47,103.0,43.69999999999999,1,1,1.0
117,7,895.3,215.3,64.70000000000005,59.39999999999998,1,1,1.0
118,1,208.09,255.17,94.99999999999997,39.66,1,1,1.0
118,4,275.6,286.82,354.6,173.76,1,1,1.0
118,5,266.93,280.99,111.80000000000001,38.80000000000001,1,1,1.0
118,6,509.63,262.2,106.0,44.400000000000034,1,1,1.0
118,7,889.6,216.2,70.39999999999998,59.19999999999999,1,1,1.0
119,1,208.07,255.18,95.0,39.64999999999998,1,1,1.0
119,4,252.9,289.05,364.9,176.70999999999998,1,1,1.0
119,5,250.44,281.74,113.19999999999999,39.19999999999999,1,1,1.0
119,6,491.35,262.92,109.0,45.099999999999966,1,1,1.0
119,7,885.7,215.25,73.39999999999998,60.85000000000002,1,1,1.0
120,1,208.06,255.2,95.0,39.620000000000005,1,1,1.0
120,4,230.2,291.27,375.2,179.66000000000003,1,1,1.0
120,5,233.95,282.49,114.60000000000002,39.599999999999966,1,1,1.0
120,6,478.3,263.65,109.27000000000004,45.80000000000001,1,1,1.0
120,7,879.6,218.0,75.69999999999993,58.80000000000001,1,1,1.0
121,1,208.04,255.21,95.00000000000003,39.609999999999985,1,1,1.0
121,4,207.5,293.5,385.5,182.61,1,1,1.0
121,5,217.46,283.25,115.99999999999997,40.0,1,1,1.0
121,6,465.25,264.37,109.54999999999995,46.5,1,1,1.0
121,7,873.5,216.08,76.89999999999998,61.41999999999999,1,1,1.0
122,1,208.03,255.22,94.99999999999997,39.59,1,1,1.0
122,4,184.8,295.72,395.8,185.57,1,1,1.0
122,5,200.97,284.0,117.4,40.39999999999998,1,1,1.0
122,6,452.2,265.1,108.09999999999997,47.19999999999999,1,1,1.0
122,7,868.72,217.9,75.25,60.29999999999998,1,1,1.0
123,1,208.01,255.23,95.0,39.58000000000001,1,1,1.0
123,4,162.1,297.95,406.1,188.52000000000004,1,1,1.0
123,5,184.47,284.75,118.79999999999998,40.80000000000001,1,1,1.0
123,6,439.15,265.82,106.25,47.900000000000034,1,1,1.0
123,7,862.84,217.5,78.45999999999992,61.39999999999998,1,1,1.0
124,1,208.0,255.24,95.0,39.56,1,1,1.0
124,4,139.4,300.17,416.4,191.46999999999997,1,1,1.0
124,5,167.98,285.5,120.20000000000002,41.19999999999999,1,1,1.0
124,6,421.52,266.55,114.17000000000007,48.599999999999966,1,1,1.0
124,7,856.96,219.0,79.13999999999999,60.60000000000002,1,1,1.0
125,1,207.98,255.25,95.00000000000003,39.80000000000001,1,1,1.0
125,4,116.7,302.4,426.7,194.42000000000002,1,1,1.0
125,5,151.49,286.25,121.59999999999997,41.60000000000002,1,1,1.0
125,6,405.27,267.27,115.63,42.03000000000003,1,1,1.0
125,7,851.08,219.1,80.41999999999996,61.20000000000002,1,1,1.0
126,1,207.97,255.26,95.00000000000003,40.04000000000002,1,1,1.0
126,4,94.0,317.0,437.0,194.2,1,1,1.0
126,5,135.0,287.0,123.0,42.0,1,1,1.0
126,6,389.9,268.0,117.20000000000005,50.0,1,1,1.0
126,7,845.2,219.2,81.69999999999993,61.80000000000001,1,1,1.0
127,1,207.95,255.28,95.0,40.27000000000001,1,1,1.0
127,4,66.3,312.65,450.2,209.20000000000005,1,1,1.0
127,5,117.15,288.3,123.25,43.72999999999996,1,1,1.0
127,6,375.01,269.1,117.78000000000003,50.099999999999966,1,1,1.0
127,7,840.7,219.9,82.39999999999998,61.79999999999998,1,1,1.0
128,1,207.94,255.29,95.0,40.51000000000002,1,1,1.0
128,4,38.6,308.3,463.4,224.2,1,1,1.0
128,5,99.3,289.6,123.50000000000001,45.44999999999999,1,1,1.0
128,6,360.12,270.2,118.36000000000001,50.19999999999999,1,1,1.0
128,7,835.8,219.1,84.20000000000005,63.29999999999998,1,1,1.0
129,1,207.92,255.3,95.00000000000003,40.56999999999999,1,1,1.0
129,4,0.0,312.51,487.5,220.93000000000006,1,1,1.0
129,5,81.45,290.9,123.74999999999999,47.18000000000001,1,1,1.0
129,6,345.23,271.3,118.94,50.30000000000001,1,1,1.0
129,7,828.7,219.2,85.79999999999995,63.900000000000034,1,1,1.0
130,1,207.91,255.31,95.00000000000003,40.629999999999995,1,1,1.0
130,4,0.0,315.36,473.0,221.36,1,1,1.0
130,5,63.6,292.2,124.0,48.900000000000034,1,1,1.0
130,6,330.34,272.4,119.52000000000004,50.400000000000034,1,1,1.0
130,7,821.6,220.5,84.10000000000002,63.30000000000001,1,1,1.0
131,1,207.89,255.32,95.0,40.69,1,1,1.0
131,4,0.0,318.2,458.5,221.8,1,1,1.0
131,5,42.9,293.5,127.1,51.0,1,1,1.0
131,6,315.45,273.5,120.10000000000002,50.5,1,1,1.0
131,7,814.5,220.5,87.60000000000002,64.0,1,1,1.0
132,1,207.88,255.33,95.0,40.74999999999997,1,1,1.0
132,4,0.0,321.35,440.8,218.64999999999998,1,1,1.0
132,5,26.1,294.8,126.30000000000001,47.599999999999966,1,1,1.0
132,6,300.56,274.6,120.68,50.599999999999966,1,1,1.0
132,7,807.4,221.03,89.20000000000005,64.16999999999999,1,1,1.0
133,1,207.86,255.34,95.0,40.79999999999998,1,1,1.0
133,4,0.0,324.5,423.1,215.5,1,1,1.0
133,5,7.7,296.1,127.10000000000001,52.39999999999998,1,1,1.0
133,6,285.67,275.7,121.25999999999999,50.69999999999999,1,1,1.0
133,7,800.3,222.7,89.10000000000002,63.19999999999999,1,1,1.0
133,8,691.0,534.0,43.0,6.0,1,1,1.0
134,1,207.84,255.36,94.99999999999997,40.849999999999966,1,1,1.0
134,4,0.0,327.65,405.4,212.35000000000002,1,1,1.0
134,5,0.0,297.4,117.2,54.5,1,1,1.0
134,6,270.78,276.8,121.84000000000003,50.80000000000001,1,1,1.0
134,7,793.2,221.71,91.39999999999998,64.89000000000001,1,1,1.0
134,8,691.0,526.5,88.0,13.5,1,1,1.0
135,1,207.83,255.37,94.99999999999997,40.90999999999997,1,1,1.0
135,4,0.0,330.8,387.7,209.2,1,1,1.0
135,5,0.0,298.7,99.6,53.400000000000034,1,1,1.0
135,6,255.89,277.9,122.42000000000002,50.900000000000034,1,1,1.0
135,7,786.1,220.72,93.69999999999993,66.58000000000001,1,1,1.0
135,8,690.8,519.9,103.0,20.100000000000023,1,1,1.0
136,1,207.81,255.38,95.0,40.97000000000003,1,1,1.0
136,4,0.0,333.8,369.5,206.2,1,1,1.0
136,5,0.0,300.0,82.0,56.0,1,1,1.0
136,6,241.0,279.0,123.0,51.0,1,1,1.0
136,7,779.0,221.8,101.0,66.19999999999999,1,1,1.0
136,8,699.0,510.8,108.79999999999995,29.19999999999999,1,1,1.0
137,1,207.8,255.39,95.0,41.03000000000003,1,1,1.0
137,4,0.0,336.65,350.45,203.35000000000002,1,1,1.0
137,5,0.0,302.0,63.75,52.10000000000002,1,1,1.0
137,6,223.7,274.7,125.0,56.60000000000002,1,1,1.0
137,7,771.4,223.63,96.70000000000005,65.37,1,1,1.0
137,8,707.4,508.8,119.5,30.30000000000001,1,1,1.0
138,1,207.78,255.4,94.99999999999997,41.09,1,1,1.0
138,4,0.0,339.5,331.4,200.5,1,1,1.0
138,5,0.0,304.0,45.5,48.19999999999999,1,1,1.0
138,6,205.88,276.25,127.0,56.089999999999975,1,1,1.0
138,7,763.8,225.47,98.61000000000001,64.53,1,1,1.0
138,8,715.8,503.16,134.80000000000007,36.839999999999975,1,1,1.0
139,1,207.77,255.41,94.99999999999997,41.150000000000006,1,1,1.0
139,4,0.0,343.36,309.48,196.64,1,1,1.0
139,5,0.0,306.0,27.25,50.69999999999999,1,1,1.0
139,6,188.05,277.8,129.0,55.579999999999984,1,1,1.0
139,7,756.2,227.3,100.51999999999998,63.69999999999999,1,1,1.0
139,8,715.1,497.51,140.54999999999995,42.49000000000001,1,1,1.0
140,1,207.75,255.42,95.0,41.21000000000001,1,1,1.0
140,4,0.0,347.21,287.55,192.79000000000002,1,1,1.0
140,5,0.0,308.0,9.0,44.89999999999998,1,1,1.0
140,6,170.23,279.35,131.00000000000003,55.06999999999999,1,1,1.0
140,7,748.6,225.7,100.36000000000001,66.30000000000001,1,1,1.0
140,8,724.8,491.87,135.9000000000001,48.129999999999995,1,1,1.0
141,1,207.74,255.44,95.0,41.25,1,1,1.0
141,4,0.0,351.07,265.63,188.93,1,1,1.0
141,6,152.41,280.9,133.00000000000003,54.55000000000001,1,1,1.0
141,7,741.0,224.1,100.20000000000005,68.9,1,1,1.0
141,8,734.5,486.22,135.39999999999998,53.77999999999997,1,1,1.0
142,1,207.72,255.45,95.00000000000003,41.31,1,1,1.0
142,4,0.0,354.93,243.7,185.07,1,1,1.0
142,6,134.58,282.45,134.99999999999997,54.04000000000002,1,1,1.0
142,7,733.4,224.08,101.96000000000004,69.91999999999999,1,1,1.0
142,8,744.2,480.58,137.39999999999998,59.420000000000016,1,1,1.0
143,1,207.71,255.46,94.99999999999997,41.369999999999976,1,1,1.0
143,4,0.0,358.79,221.77,181.20999999999998,1,1,1.0
143,6,116.76,284.0,137.0,53.52999999999997,1,1,1.0
143,7,725.8,224.06,103.72000000000003,70.94,1,1,1.0
143,8,753.9,474.93,135.45000000000005,65.07,1,1,1.0
144,1,207.69,255.47,95.0,41.42999999999998,1,1,1.0
144,4,0.0,362.64,199.85,177.36,1,1,1.0
144,6,98.94,285.55,139.0,53.01999999999998,1,1,1.0
144,7,718.2,224.04,105.4799999999999,71.96000000000001,1,1,1.0
144,8,763.6,469.29,133.5,70.70999999999998,1,1,1.0
145,1,207.68,255.48,95.0,41.380000000000024,1,1,1.0
145,4,0.0,366.5,177.92,173.5,1,1,1.0
145,6,83.47,284.6,141.0,56.19,1,1,1.0
145,7,710.6,224.02,107.24000000000001,72.97999999999999,1,1,1.0
145,8,773.3,463.64,127.40000000000009,76.36000000000001,1,1,1.0
146,1,207.66,255.49,95.00000000000003,41.329999999999984,1,1,1.0
146,4,0.0,374.0,156.0,166.0,1,1,1.0
146,6,68.0,285.5,143.0,57.5,1,1,1.0
146,7,703.0,224.0,109.0,74.0,1,1,1.0
146,8,783.0,458.0,127.10000000000002,82.0,1,1,1.0
147,1,207.65,255.51,94.99999999999997,41.26999999999998,1,1,1.0
147,4,0.0,377.1,129.4,162.89999999999998,1,1,1.0
147,6,47.5,286.65,145.2,58.43000000000001,1,1,1.0
147,7,693.8,224.8,109.80000000000007,74.0,1,1,1.0
147,8,792.37,454.2,121.45000000000005,85.80000000000001,1,1,1.0
148,1,207.63,255.52,95.0,41.22,1,1,1.0
148,4,0.0,378.3,102.8,161.7,1,1,1.0
148,6,28.8,287.8,145.6,59.370000000000005,1,1,1.0
148,7,684.6,225.6,110.60000000000002,74.00000000000003,1,1,1.0
148,8,806.72,452.89,115.79999999999995,84.75999999999999,1,1,1.0
149,1,207.62,255.53,95.0,41.16999999999999,1,1,1.0
149,4,0.0,387.8,76.2,152.2,1,1,1.0
149,6,8.8,288.95,147.29999999999998,60.30000000000001,1,1,1.0
149,7,675.4,226.4,111.39999999999998,73.99999999999997,1,1,1.0
149,8,814.84,448.47,115.15999999999997,83.72000000000003,1,1,1.0
150,1,207.6,255.54,95.00000000000003,41.180000000000035,1,1,1.0
150,4,0.0,395.0,49.6,145.0,1,1,1.0
150,6,0.0,290.1,137.8,61.22999999999996,1,1,1.0
150,7,666.2,227.2,112.19999999999993,74.0,1,1,1.0
150,8,822.96,444.05,113.63999999999999,82.68,1,1,1.0
151,1,207.59,255.55,94.99999999999997,41.19,1,1,1.0
151,4,0.0,407.7,23.0,132.3,1,1,1.0
151,6,0.0,291.25,119.5,62.170000000000016,1,1,1.0
151,7,657.0,228.0,113.0,74.0,1,1,1.0
151,8,831.08,439.62,110.01999999999998,81.63999999999999,1,1,1.0
152,1,207.57,255.56,95.0,41.19999999999999,1,1,1.0
152,6,0.0,292.4,101.2,63.10000000000002,1,1,1.0
152,7,647.8,228.8,113.80000000000007,74.0,1,1,1.0
152,8,839.2,435.2,109.79999999999995,80.59999999999997,1,1,1.0
153,1,207.56,255.57,95.0,41.20999999999998,1,1,1.0
153,6,0.0,295.3,82.9,60.370000000000005,1,1,1.0
153,7,638.6,229.6,114.60000000000002,74.00000000000003,1,1,1.0
153,8,846.65,431.4,107.85000000000002,78.45000000000005,1,1,1.0
154,1,207.54,255.59,95.00000000000003,41.21000000000001,1,1,1.0
154,6,0.0,298.2,64.6,57.629999999999995,1,1,1.0
154,7,629.4,230.4,115.39999999999998,73.99999999999997,1,1,1.0
154,8,854.1,427.6,105.89999999999998,76.29999999999995,1,1,1.0
155,1,207.53,255.6,94.99999999999997,41.53,1,1,1.0
155,6,0.0,301.1,46.3,54.89999999999998,1,1,1.0
155,7,620.2,231.2,116.19999999999993,74.0,1,1,1.0
155,8,861.55,423.8,98.45000000000005,74.14999999999998,1,1,1.0
156,1,207.51,255.61,95.0,41.860000000000014,1,1,1.0
156,6,0.0,304.0,28.0,54.60000000000002,1,1,1.0
156,7,611.0,232.0,117.0,74.0,1,1,1.0
156,8,869.0,420.0,91.0,72.0,1,1,1.0
157,1,207.5,255.62,95.0,42.18000000000001,1,1,1.0
157,6,0.0,305.0,18.0,44.30000000000001,1,1,1.0
157,7,600.4,232.6,118.0,74.4,1,1,1.0
157,8,875.1,416.58,84.89999999999998,70.72000000000003,1,1,1.0
158,1,207.48,255.63,95.00000000000003,42.25,1,1,1.0
158,7,589.8,233.2,119.0,74.80000000000001,1,1,1.0
158,8,881.2,413.15,78.79999999999995,69.45000000000005,1,1,1.0
159,1,207.47,255.64,95.00000000000003,42.31999999999999,1,1,1.0
159,7,579.2,233.8,120.0,75.19999999999999,1,1,1.0
159,8,887.3,409.73,72.70000000000005,68.16999999999996,1,1,1.0
160,1,207.45,255.65,95.0,42.390000000000015,1,1,1.0
160,7,568.6,234.4,121.0,75.6,1,1,1.0
160,8,893.4,406.3,66.60000000000002,66.89999999999998,1,1,1.0
161,1,207.44,255.67,95.0,42.45000000000002,1,1,1.0
161,7,558.0,235.0,122.0,76.0,1,1,1.0
161,8,899.5,402.88,60.5,65.62,1,1,1.0
162,1,207.42,255.68,95.00000000000003,42.51999999999998,1,1,1.0
162,7,547.4,235.6,123.0,76.4,1,1,1.0
162,8,905.6,399.45,54.39999999999998,64.35000000000002,1,1,1.0
163,1,207.41,255.69,95.00000000000003,42.43000000000001,1,1,1.0
163,7,536.8,236.2,124.0,76.80000000000001,1,1,1.0
163,8,911.7,396.03,48.299999999999955,63.07000000000005,1,1,1.0
164,1,207.39,255.7,95.0,42.34000000000003,1,1,1.0
164,7,526.2,236.8,125.0,77.19999999999999,1,1,1.0
164,8,917.8,392.6,42.200000000000045,61.799999999999955,1,1,1.0
165,1,207.38,255.71,95.0,42.24999999999997,1,1,1.0
165,7,515.6,237.4,126.0,77.6,1,1,1.0
165,8,923.9,387.5,36.10000000000002,62.19999999999999,1,1,1.0
166,1,207.36,255.72,95.0,42.16,1,1,1.0
166,7,505.0,238.0,127.0,78.0,1,1,1.0
166,8,930.0,386.5,30.0,58.5,1,1,1.0
167,1,207.35,255.74,95.00000000000003,42.06,1,1,1.0
167,7,493.6,238.3,127.89999999999998,78.19999999999999,1,1,1.0
167,8,935.5,386.12,24.5,53.629999999999995,1,1,1.0
168,1,207.33,255.75,94.99999999999997,42.129999999999995,1,1,1.0
168,7,482.2,238.6,128.8,78.4,1,1,1.0
168,8,941.0,385.75,19.0,48.75,1,1,1.0
169,1,207.32,255.76,95.0,42.19,1,1,1.0
169,7,470.8,238.9,129.7,78.6,1,1,1.0
169,8,946.5,385.38,13.5,43.870000000000005,1,1,1.0
170,1,207.3,255.77,95.0,42.25999999999996,1,1,1.0
170,7,459.4,239.2,130.60000000000002,78.80000000000001,1,1,1.0
170,8,952.0,385.0,8.0,39.0,1,1,1.0
171,1,207.29,255.78,95.00000000000003,42.32000000000002,1,1,1.0
171,7,448.0,239.5,131.5,79.0,1,1,1.0
171,8,956.0,387.0,4.0,37.0,1,1,1.0
172,1,207.27,255.79,94.99999999999997,42.31000000000003,1,1,1.0
172,7,436.6,239.8,132.39999999999998,79.19999999999999,1,1,1.0
173,1,207.26,255.8,95.0,42.30000000000001,1,1,1.0
173,7,425.2,240.1,133.3,79.4,1,1,1.0
174,1,207.24,255.82,95.0,42.28000000000003,1,1,1.0
174,7,413.8,240.4,134.2,79.6,1,1,1.0
175,1,207.23,255.83,95.00000000000003,42.27000000000001,1,1,1.0
175,7,402.4,240.7,135.10000000000002,79.80000000000001,1,1,1.0
176,1,207.21,255.84,94.99999999999997,42.26000000000002,1,1,1.0
176,7,391.0,241.0,136.0,80.0,1,1,1.0
177,1,207.2,255.85,95.0,42.25000000000003,1,1,1.0
177,7,379.7,240.75,136.72999999999996,80.35000000000002,1,1,1.0
178,1,207.18,255.86,95.0,42.24000000000001,1,1,1.0
178,7,368.4,240.5,137.46000000000004,80.69999999999999,1,1,1.0
179,1,207.17,255.87,95.00000000000003,42.23000000000002,1,1,1.0
179,7,357.1,240.76,138.19,80.54000000000002,1,1,1.0
180,1,207.15,255.88,94.99999999999997,41.870000000000005,1,1,1.0
180,7,345.8,241.02,138.92000000000002,80.37999999999997,1,1,1.0
181,1,207.14,255.9,95.0,41.49999999999997,1,1,1.0
181,7,334.5,241.29,139.64999999999998,80.21000000000001,1,1,1.0
182,1,207.12,255.91,95.0,41.140000000000015,1,1,1.0
182,7,323.2,241.55,140.38,80.05000000000001,1,1,1.0
183,1,207.11,255.92,95.0,40.78,1,1,1.0
183,7,311.9,241.81,141.11,79.88999999999999,1,1,1.0
184,1,207.09,255.93,94.99999999999997,40.870000000000005,1,1,1.0
184,7,300.6,242.07,141.83999999999997,79.73000000000002,1,1,1.0
185,1,207.08,255.94,94.99999999999997,40.95999999999998,1,1,1.0
185,7,289.3,242.34,142.57,79.55999999999997,1,1,1.0
186,1,207.06,255.95,95.0,41.05000000000001,1,1,1.0
186,7,278.0,242.6,143.3,79.4,1,1,1.0
187,1,207.04,255.97,95.00000000000003,41.53,1,1,1.0
187,7,265.5,242.8,144.39999999999998,80.76999999999998,1,1,1.0
188,1,207.03,255.98,94.99999999999997,39.62000000000003,1,1,1.0
188,7,253.0,243.0,145.5,82.14999999999998,1,1,1.0
189,1,207.01,255.99,95.0,37.70999999999998,1,1,1.0
189,7,240.5,243.85,145.75,82.87000000000003,1,1,1.0
190,1,207.0,256.0,95.0,39.19999999999999,1,1,1.0
190,7,228.0,244.7,146.0,83.60000000000002,1,1,1.0
